x: -0.0, max value = -0.0
x: -4.47, min value = -399.99963519
x: 4.47, min value = -399.99963519
